1000 1020.44 125
1 173 20 -196 1 0
2 167 21 -189 1 1
3 144 25 -163 3 0
4 164 25 -185 2 1
5 45 24 -63 2 2
6 163 25 -178 4 1
7 146 25 -152 1 1
8 213 23 -235 2 2
9 169 25 -176 1 1
10 143 25 -149 2 1
11 137 25 -165 4 2
12 237 25 -264 8 3
13 177 25 -202 3 3
14 199 25 -221 4 2
15 135 25 -147 6 4
16 211 25 -223 4 4
17 148 20 -173 2 1
18 138 25 -161 2 1
19 160 23 -182 4 3
20 119 25 -133 2 1
21 64 25 -77 4 1
22 213 20 -234 2 1
23 38 25 -43 2 1
24 246 25 -259 2 1
25 259 46 -254 4 3
26 85 46 -90 4 1
27 178 46 -175 2 1
28 123 46 -112 2 0
29 124 46 -111 4 2
30 198 46 -188 3 2
31 212 46 -207 2 2
32 163 46 -170 2 2
33 315 44 -314 1 1
34 218 46 -231 4 4
35 204 46 -192 2 0
36 170 46 -171 4 4
37 167 46 -176 4 2
38 25 46 -11 2 1
39 213 46 -215 1 0
40 224 46 -265 19 11
41 229 41 -221 2 1
42 208 46 -216 4 2
43 172 46 -170 1 0
44 131 42 -119 2 0
45 100 42 -94 2 1
46 256 67 -231 2 2
47 269 67 -247 1 2
48 295 67 -258 2 2
49 122 67 -103 4 2
50 50 62 -22 2 2
51 169 62 -140 1 0
52 228 67 -216 8 4
53 85 67 -65 2 2
54 279 67 -250 2 0
55 206 67 -184 4 2
56 171 67 -136 2 2
57 192 67 -196 19 14
58 179 67 -148 2 2
59 80 67 -46 2 3
60 180 85 -139 2 2
61 78 83 -45 3 3
62 39 83 -15 3 3
63 167 83 -143 1 1
64 131 88 -129 17 12
65 148 86 -112 2 2
66 204 88 -156 4 4
67 227 88 -186 4 3
68 345 88 -292 4 3
69 228 88 -180 1 0
70 144 83 -107 4 4
71 173 107 -122 2 2
72 108 112 -33 2 3
73 201 113 -144 2 1
74 201 114 -130 2 0
75 259 114 -221 18 12
76 284 114 -210 2 1
77 231 114 -160 1 0
78 24 114 48 2 1
79 208 114 -131 4 1
80 120 110 -58 1 0
81 121 114 -60 1 0
82 239 133 -151 2 2
83 138 138 -38 2 0
84 213 138 -109 2 2
85 198 140 -100 3 1
86 97 140 0 2 2
87 220 138 -117 1 0
88 208 140 -108 2 1
89 138 139 -29 2 2
90 139 140 -50 2 0
91 212 140 -122 2 0
92 154 140 -53 2 1
93 187 140 -92 4 1
94 58 137 32 2 1
95 126 138 -30 1 0
96 179 140 -98 4 4
97 137 140 -41 2 0
98 200 163 -120 19 11
99 215 164 -108 4 2
100 117 166 -6 4 3
101 163 161 -42 4 2
102 175 166 -59 2 1
103 144 166 -37 4 2
104 218 166 -85 4 3
105 203 161 -75 1 0
106 208 164 -83 2 1
107 112 189 6 17 6
108 285 189 -142 2 1
109 267 189 -111 2 3
110 183 189 -37 2 3
111 214 192 -85 14 11
112 89 192 62 3 2
113 152 192 -19 3 3
114 174 215 7 2 1
115 187 215 -46 18 12
116 237 218 -68 7 5
117 205 218 -45 4 3
118 258 218 -70 2 2
119 121 218 59 4 2
120 244 218 -62 1 1
121 162 218 11 2 2
122 185 241 19 1 0
123 232 241 -45 1 1
124 265 241 -62 3 2
125 236 244 -60 15 8
126 30 239 161 1 0
127 114 244 84 1 0
128 266 244 -62 2 1
129 190 244 24 2 1
130 194 244 2 2 2
131 202 244 -2 1 0
132 205 244 -9 3 2
133 153 244 61 2 1
134 137 267 87 4 3
135 143 267 80 2 1
136 70 262 150 2 1
137 142 270 86 4 4
138 171 270 59 5 5
139 355 270 -138 3 2
140 175 270 26 16 11
141 241 270 -12 2 1
142 184 270 34 1 0
143 175 266 36 1 1
144 159 270 53 2 1
145 171 270 52 1 1
146 87 288 148 2 2
147 109 293 135 2 2
148 210 296 2 11 5
149 151 296 91 1 0
150 177 296 63 3 3
151 183 296 54 3 3
152 35 296 231 1 0
153 188 296 67 4 3
154 240 296 2 3 2
155 166 296 75 2 2
156 121 296 144 3 2
157 182 296 80 2 2
158 141 296 107 1 1
159 256 294 -13 1 0
160 239 314 19 2 1
161 111 322 176 4 3
162 190 322 82 10 7
163 189 317 77 1 1
164 171 322 110 2 2
165 139 321 146 2 1
166 266 320 8 2 3
167 184 322 66 18 12
168 176 322 90 4 3
169 97 340 198 3 1
170 105 345 206 2 3
171 286 348 -1 19 14
172 167 348 131 4 2
173 141 348 172 4 1
174 110 348 204 2 1
175 123 343 182 1 1
176 157 348 160 4 4
177 146 348 164 1 1
178 199 348 113 1 1
179 178 366 139 3 1
180 243 374 58 11 8
181 143 369 181 2 2
182 137 374 179 3 4
183 164 374 176 3 2
184 245 374 83 2 2
185 99 374 213 15 9
186 344 374 -12 2 1
187 215 374 119 2 1
188 151 369 159 2 2
189 121 374 201 2 2
190 79 369 247 2 2
191 115 400 253 10 6
192 266 399 82 2 1
193 230 398 118 4 3
194 221 400 122 2 0
195 128 400 217 2 1
196 229 400 134 4 3
197 147 400 195 1 0
198 138 400 224 8 4
199 185 400 179 2 1
200 220 400 122 2 0
201 195 400 173 4 3
202 78 424 288 2 1
203 182 426 166 18 12
204 201 426 178 4 2
205 62 421 323 1 1
206 195 426 182 3 2
207 185 426 195 2 1
208 112 426 260 4 3
209 96 426 282 1 0
210 223 426 161 4 1
211 219 426 169 2 1
212 48 423 317 2 1
213 168 425 222 1 1
214 179 425 200 1 0
215 292 450 113 2 2
216 202 452 206 2 1
217 159 452 228 19 14
218 206 452 191 2 2
219 222 452 185 2 2
220 181 448 218 1 0
221 190 452 207 2 2
222 248 452 170 4 2
223 222 452 174 3 3
224 188 476 231 3 3
225 209 478 181 13 8
226 160 478 264 4 2
227 188 478 244 4 4
228 153 478 277 5 4
229 78 473 347 1 1
230 176 478 265 3 3
231 244 478 190 4 1
232 171 478 271 3 0
233 137 475 303 2 1
234 309 478 117 4 4
235 365 502 102 2 1
236 159 504 296 4 3
237 119 499 345 3 4
238 233 504 217 1 1
239 167 504 299 3 2
240 142 500 324 1 1
241 235 504 210 2 2
242 152 504 296 1 1
243 247 504 215 4 1
244 224 504 249 1 0
245 182 504 268 1 1
246 157 500 294 1 1
247 172 504 275 3 3
248 139 528 327 19 18
249 143 530 349 1 0
250 187 530 293 4 4
251 119 530 355 4 3
252 255 530 232 3 3
253 212 530 276 2 1
254 192 530 304 4 1
255 142 525 336 1 1
256 193 530 307 2 0
257 111 530 360 2 2
258 236 550 283 3 0
259 191 547 298 1 1
260 197 554 312 2 2
261 195 554 300 4 5
262 153 554 350 2 2
263 236 554 260 2 1
264 81 554 438 2 1
265 111 554 409 4 6
266 54 556 420 13 9
267 166 556 357 3 2
268 146 556 358 2 0
269 223 556 281 1 0
270 197 570 332 2 2
271 175 576 364 4 4
272 155 580 360 11 10
273 126 580 402 4 3
274 224 582 318 4 3
275 163 577 384 1 1
276 151 582 388 1 1
277 109 582 433 4 4
278 131 582 414 8 6
279 252 596 301 2 2
280 93 602 473 4 3
281 162 606 399 2 1
282 247 608 276 18 11
283 241 608 316 3 2
284 185 608 376 2 1
285 264 608 313 2 2
286 193 622 379 3 1
287 152 622 435 2 0
288 244 628 339 2 0
289 166 624 419 2 2
290 119 632 476 4 3
291 177 628 414 4 2
292 243 634 344 2 1
293 179 634 406 3 3
294 145 634 439 2 2
295 163 634 411 18 11
296 173 634 416 4 4
297 302 648 295 3 1
298 309 656 289 7 4
299 179 651 415 1 0
300 87 658 534 2 2
301 195 660 410 4 5
302 163 660 464 2 1
303 119 659 487 1 1
304 222 660 392 1 1
305 294 660 322 4 1
306 119 658 485 2 1
307 256 659 344 2 2
308 160 660 446 2 2
309 164 660 449 2 2
310 240 660 366 9 5
311 229 656 391 1 0
312 181 660 436 4 0
313 233 674 404 3 2
314 214 674 420 2 2
315 178 682 450 4 2
316 202 686 424 16 12
317 81 686 572 3 1
318 195 708 425 16 16
319 98 712 533 19 11
320 245 734 435 4 1
321 235 734 464 6 7
322 123 738 530 15 9
323 126 738 582 4 2
324 177 738 475 11 8
325 189 760 535 2 2
326 266 760 454 3 3
327 203 760 500 2 3
328 149 760 564 2 3
329 196 755 514 1 1
330 207 764 522 2 2
331 171 764 538 4 5
332 191 764 496 15 6
333 85 764 639 2 1
334 164 764 557 2 1
335 278 764 434 2 2
336 227 764 481 3 1
337 213 779 518 3 1
338 166 786 586 2 2
339 250 790 493 10 7
340 34 790 682 17 13
341 137 790 608 4 5
342 348 785 380 1 0
343 275 790 484 3 3
344 90 805 683 2 2
345 151 805 614 1 1
346 200 812 572 4 4
347 212 816 545 1 0
348 156 816 619 2 1
349 188 816 587 3 1
350 118 816 650 1 1
351 234 816 531 1 1
352 182 816 575 2 0
353 261 816 525 2 1
354 226 816 558 1 0
355 161 816 572 13 7
356 302 816 473 2 1
357 206 816 571 2 2
358 203 838 582 3 2
359 110 842 688 2 2
360 242 842 550 3 1
361 194 842 605 1 1
362 134 842 666 2 2
363 190 842 622 4 3
364 262 842 527 4 4
365 250 842 547 1 0
366 222 842 553 18 13
367 90 842 694 4 2
368 329 864 488 1 0
369 230 863 578 3 3
370 250 863 560 1 2
371 153 868 656 2 1
372 119 868 719 4 4
373 180 868 645 2 1
374 93 868 719 4 3
375 305 868 477 19 14
376 232 868 593 2 1
377 205 866 612 1 0
378 237 890 597 9 7
379 128 894 736 4 3
380 89 894 768 3 3
381 108 894 740 4 2
382 218 894 619 3 3
383 268 894 560 17 13
384 103 894 748 3 3
385 226 894 632 1 1
386 172 894 669 1 0
387 168 917 675 15 8
388 132 920 746 2 2
389 226 920 646 3 3
390 196 919 691 1 1
391 120 915 758 2 2
392 241 920 632 2 0
393 229 920 649 2 2
394 205 918 676 2 1
395 123 920 744 1 0
396 192 915 672 1 0
397 136 936 725 17 14
398 142 943 746 4 3
399 171 938 735 2 1
400 229 943 655 3 3
401 204 939 693 2 0
402 202 943 705 2 1
403 200 943 695 1 0
404 231 943 676 2 3
405 209 946 696 4 2
406 301 946 599 4 1
407 102 946 811 3 3
408 143 941 752 1 1
409 111 962 805 2 0
410 196 962 734 4 3
411 67 960 839 1 1
412 180 962 712 11 7
413 140 960 773 1 1
414 87 972 810 19 12
415 335 972 598 4 2
416 87 988 852 2 1
417 109 988 836 2 1
418 254 988 677 4 5
419 255 988 679 2 1
420 179 998 765 7 5
421 310 998 607 13 8
422 139 998 801 1 0
423 51 998 898 1 0
424 251 998 699 3 2
425 149 994 795 1 1
426 233 1014 747 7 4
427 187 1014 770 4 3
428 166 1024 774 13 12
429 160 1024 820 1 1
430 208 1024 769 2 2
431 302 1021 675 1 1
432 35 1024 937 3 2
433 196 1024 778 4 3
434 254 1040 729 10 7
435 290 1040 706 2 1
436 160 1050 826 14 4
437 169 1050 826 4 4
438 160 1050 814 13 10
439 126 1050 885 2 3
440 156 1050 848 3 3
441 109 1066 901 8 4
442 85 1061 941 2 1
443 177 1064 852 1 0
444 203 1061 824 1 0
445 281 1066 750 4 4
446 119 1074 904 1 1
447 90 1076 932 10 5
448 250 1076 768 2 0
449 153 1076 879 1 1
450 97 1076 942 2 2
451 210 1076 822 1 1
452 145 1076 899 4 2
453 163 1092 847 12 8
454 208 1092 833 5 4
455 211 1102 828 17 14
456 163 1102 887 1 1
457 150 1102 906 4 2
458 129 1102 942 1 1
459 179 1118 895 4 1
460 155 1118 922 3 1
461 219 1118 856 2 0
462 280 1118 780 8 7
463 223 1118 854 2 2
464 168 1128 911 2 0
465 222 1128 850 2 2
466 187 1128 895 3 1
467 215 1128 881 2 1
468 281 1128 805 2 1
469 90 1123 990 2 2
470 65 1128 1013 3 2
471 218 1128 880 4 2
472 73 1123 1002 1 1
473 205 1128 873 2 2
474 208 1125 866 2 2
475 136 1144 967 5 5
476 213 1144 889 4 2
477 215 1144 880 4 3
478 251 1144 843 4 2
479 237 1144 853 2 2
480 248 1150 852 1 1
481 110 1154 995 1 0
482 228 1154 879 1 1
483 124 1154 976 2 0
484 129 1154 970 2 2
485 312 1154 764 17 12
486 110 1170 1024 10 5
487 147 1170 986 1 1
488 198 1170 935 2 1
489 299 1170 834 4 1
490 213 1176 932 4 4
491 217 1180 916 3 2
492 305 1178 827 2 2
493 237 1180 910 1 1
494 200 1180 946 4 3
495 253 1176 887 4 1
496 268 1196 846 13 9
497 153 1196 999 2 1
498 115 1196 1041 10 10
499 215 1202 941 4 3
500 172 1197 970 1 1
501 297 1201 849 1 2
502 246 1204 902 3 3
503 321 1206 833 2 0
504 170 1222 1002 8 5
505 287 1218 889 2 2
506 117 1222 1053 3 4
507 173 1218 1014 3 2
508 140 1222 1036 2 2
509 288 1222 897 8 5
510 29 1222 1136 2 2
511 97 1220 1079 1 0
512 105 1222 1076 1 0
513 203 1222 970 3 1
514 108 1222 1063 2 1
515 124 1223 1044 1 0
516 75 1228 1120 2 2
517 132 1232 1069 4 2
518 133 1244 1057 2 1
519 159 1240 1050 2 1
520 211 1248 950 19 13
521 184 1243 1015 3 2
522 220 1248 979 3 3
523 224 1248 982 2 2
524 210 1248 1006 1 0
525 161 1243 1042 2 1
526 215 1248 999 2 2
527 133 1248 1065 4 4
528 212 1254 994 2 2
529 288 1270 934 7 6
530 18 1274 1202 6 5
531 168 1274 1063 4 4
532 180 1274 1061 2 2
533 179 1274 1065 2 2
534 207 1274 1030 2 1
535 138 1274 1101 4 4
536 214 1274 1018 4 4
537 180 1274 1056 1 1
538 119 1274 1108 3 3
539 284 1274 945 2 1
540 189 1274 1028 2 2
541 261 1280 969 2 2
542 209 1300 1028 15 9
543 250 1300 1020 1 0
544 117 1300 1140 4 4
545 191 1326 1050 18 11
546 195 1326 1089 3 4
547 6 1324 1287 2 1
548 115 1322 1151 1 1
549 221 1326 1049 2 0
550 137 1321 1135 2 2
551 227 1326 1066 1 1
552 210 1321 1054 1 2
553 71 1326 1216 2 1
554 173 1326 1110 7 5
555 196 1326 1078 1 1
556 236 1344 1057 2 0
557 244 1350 1058 2 2
558 197 1352 1121 1 0
559 182 1351 1124 2 0
560 243 1352 1055 2 3
561 201 1352 1097 2 2
562 203 1352 1092 2 1
563 223 1352 1071 3 1
564 81 1352 1225 1 0
565 209 1351 1091 2 2
566 243 1352 1069 4 3
567 199 1352 1110 4 1
568 164 1374 1122 13 9
569 79 1378 1250 4 3
570 131 1378 1201 2 1
571 59 1378 1272 1 1
572 142 1378 1166 19 10
573 166 1378 1176 2 0
574 59 1400 1268 11 10
575 183 1400 1174 2 2
576 213 1404 1147 4 3
577 21 1404 1342 2 1
578 137 1404 1205 16 11
579 287 1399 1067 2 1
580 230 1404 1120 1 1
581 166 1426 1200 15 14
582 112 1430 1260 2 2
583 196 1430 1196 1 0
584 168 1430 1232 2 2
585 262 1430 1124 2 2
586 116 1430 1259 1 0
587 294 1452 1089 19 10
588 132 1456 1276 10 7
589 265 1454 1150 1 1
590 231 1478 1168 14 9
591 201 1478 1192 17 10
592 48 1482 1402 4 4
593 125 1504 1345 8 7
594 173 1504 1292 1 0
595 199 1504 1248 4 4
596 161 1504 1301 2 0
597 199 1504 1258 1 1
598 188 1503 1273 1 1
599 238 1504 1212 8 8
600 182 1504 1275 4 3
601 179 1504 1294 4 4
602 105 1504 1342 2 1
603 127 1508 1328 4 2
604 215 1530 1261 4 1
605 169 1530 1329 2 1
606 172 1530 1310 4 3
607 215 1530 1253 18 10
608 138 1525 1332 2 2
609 -11 1530 1492 2 1
610 232 1530 1240 2 0
611 144 1534 1336 9 7
612 182 1534 1293 4 4
613 155 1556 1330 12 14
614 150 1556 1373 4 3
615 212 1556 1306 4 4
616 207 1551 1310 1 1
617 182 1560 1301 14 9
618 127 1560 1380 1 1
619 201 1560 1316 3 1
620 173 1555 1349 2 2
621 125 1560 1400 2 2
622 166 1582 1371 8 6
623 277 1580 1271 2 0
624 286 1582 1245 4 1
625 60 1581 1468 2 0
626 24 1582 1526 1 1
627 201 1582 1332 3 2
628 231 1586 1298 2 2
629 197 1586 1339 4 2
630 100 1586 1427 2 2
631 152 1586 1399 4 3
632 111 1586 1436 4 3
633 271 1586 1278 1 1
634 123 1608 1417 15 10
635 198 1608 1372 2 1
636 71 1608 1501 10 7
637 241 1608 1308 3 2
638 202 1612 1379 2 1
639 116 1612 1460 1 1
640 204 1612 1365 2 2
641 136 1612 1389 12 8
642 189 1634 1402 2 2
643 252 1634 1350 1 1
644 166 1634 1428 4 2
645 147 1633 1436 2 2
646 289 1629 1305 1 0
647 120 1634 1477 3 2
648 232 1634 1353 2 2
649 253 1638 1298 20 10
650 157 1634 1426 2 2
651 254 1638 1342 1 0
652 222 1638 1382 4 2
653 165 1656 1435 1 2
654 193 1651 1413 1 1
655 235 1660 1388 7 4
656 74 1660 1538 2 2
657 156 1660 1446 4 1
658 224 1664 1386 4 2
659 137 1664 1496 1 1
660 180 1664 1440 2 2
661 242 1664 1372 2 1
662 268 1664 1350 2 0
663 209 1663 1402 1 0
664 129 1664 1484 4 1
665 66 1664 1556 1 1
666 188 1663 1417 2 1
667 172 1664 1462 4 2
668 194 1663 1436 2 2
669 143 1664 1474 2 0
670 124 1664 1510 4 4
671 174 1682 1451 1 1
672 147 1686 1505 4 3
673 172 1686 1481 4 2
674 162 1686 1474 2 1
675 192 1686 1448 1 0
676 198 1681 1450 1 1
677 136 1687 1520 2 0
678 191 1690 1468 2 2
679 240 1690 1401 2 2
680 89 1690 1558 2 3
681 162 1690 1476 1 1
682 150 1690 1497 4 2
683 188 1690 1448 8 8
684 164 1690 1492 2 2
685 218 1686 1429 1 1
686 213 1712 1469 5 1
687 132 1712 1549 2 2
688 207 1712 1454 2 0
689 130 1712 1524 1 0
690 241 1712 1437 2 2
691 194 1712 1486 3 3
692 107 1712 1563 2 2
693 265 1712 1415 1 1
694 80 1713 1593 2 2
695 210 1716 1461 1 1
696 136 1716 1543 4 1
697 144 1716 1524 4 1
698 89 1716 1574 2 3
699 152 1716 1531 2 1
700 227 1738 1446 18 16
701 201 1738 1489 1 1
702 233 1738 1450 4 3
703 211 1738 1481 1 0
704 113 1738 1592 4 2
705 226 1764 1469 18 12
706 209 1764 1524 1 1
707 217 1759 1512 2 1
708 268 1764 1437 2 2
709 144 1764 1590 4 4
710 126 1764 1603 9 6
711 164 1764 1542 5 4
712 148 1764 1575 2 2
713 210 1790 1495 11 6
714 69 1790 1673 1 1
715 220 1790 1524 2 3
716 196 1790 1558 2 2
717 170 1787 1561 1 1
718 90 1790 1655 2 1
719 197 1790 1539 4 3
720 165 1790 1586 2 1
721 214 1790 1517 4 3
722 97 1790 1649 1 1
723 173 1785 1556 2 2
724 196 1785 1531 2 2
725 146 1790 1590 1 1
726 252 1790 1496 1 1
727 114 1790 1636 1 2
728 119 1790 1626 4 4
729 200 1790 1533 1 1
730 143 1816 1621 6 5
731 197 1816 1560 2 1
732 95 1811 1662 1 0
733 182 1816 1596 4 2
734 297 1816 1440 18 15
735 258 1842 1507 19 15
736 107 1842 1692 2 1
737 187 1842 1623 4 3
738 193 1842 1580 18 14
739 154 1868 1637 18 12
740 277 1866 1540 3 2
741 149 1868 1667 4 5
742 176 1868 1651 2 2
743 248 1868 1579 2 2
744 132 1865 1678 4 4
745 181 1868 1638 4 3
746 204 1868 1623 2 2
747 20 1868 1808 4 3
748 157 1868 1657 4 2
749 173 1889 1659 4 4
750 46 1894 1790 4 4
751 144 1894 1703 8 8
752 152 1889 1678 2 2
753 226 1894 1609 4 3
754 127 1894 1718 1 0
755 265 1894 1596 4 4
756 130 1894 1713 1 0
757 172 1894 1689 4 4
758 224 1920 1623 20 14
759 196 1920 1680 1 1
760 176 1920 1714 6 5
761 197 1920 1648 13 10
762 191 1915 1668 1 1
763 214 1920 1652 1 0
764 110 1937 1790 2 1
765 179 1932 1697 1 1
766 161 1946 1749 4 3
767 181 1946 1692 11 8
768 143 1946 1763 4 4
769 259 1946 1635 1 1
770 223 1946 1682 2 2
771 123 1946 1766 1 1
772 131 1946 1777 1 1
773 303 1941 1593 1 1
774 246 1941 1664 2 1
775 93 1941 1806 3 2
776 211 1946 1680 1 0
777 202 1946 1706 2 2
778 188 1944 1708 1 0
779 188 1946 1719 4 2
780 171 1946 1729 2 2
781 131 1946 1778 4 2
782 107 1963 1806 3 2
783 165 1968 1763 2 2
784 155 1972 1775 2 2
785 156 1968 1761 2 2
786 115 1972 1803 2 2
787 184 1972 1758 1 0
788 151 1972 1764 2 2
789 218 1972 1703 2 2
790 245 1967 1671 1 1
791 232 1972 1690 2 3
792 84 1970 1834 2 1
793 153 1972 1780 2 0
794 157 1972 1765 8 4
795 123 1972 1808 10 4
796 210 1967 1706 1 0
797 227 1968 1702 2 1
798 207 1989 1750 4 1
799 123 1998 1813 17 16
800 145 1998 1808 2 3
801 196 1998 1768 1 1
802 162 1996 1799 2 0
803 179 1993 1775 2 2
804 197 1998 1763 2 0
805 275 1998 1653 15 12
806 -11 2024 1968 19 16
807 191 2024 1799 4 5
808 102 2024 1882 8 4
809 117 2024 1850 4 2
810 227 2024 1751 3 4
811 203 2050 1792 9 4
812 314 2050 1685 1 1
813 173 2050 1842 2 1
814 119 2046 1874 1 1
815 223 2050 1777 1 0
816 108 2050 1908 4 1
817 210 2050 1810 2 2
818 114 2050 1893 5 3
819 146 2050 1868 2 1
820 70 2050 1924 4 1
821 83 2048 1925 3 2
822 222 2050 1785 2 1
823 190 2050 1827 2 1
824 64 2074 1953 2 1
825 136 2071 1894 2 1
826 134 2076 1884 8 8
827 216 2076 1806 4 3
828 86 2076 1953 4 3
829 135 2076 1891 7 4
830 133 2076 1910 1 1
831 118 2076 1909 2 0
832 189 2071 1823 2 0
833 211 2076 1830 4 3
834 182 2102 1848 17 11
835 182 2102 1866 1 0
836 159 2102 1912 3 1
837 47 2102 2019 3 2
838 232 2102 1819 4 4
839 259 2100 1811 2 2
840 135 2102 1919 2 0
841 116 2102 1942 4 2
842 194 2097 1859 1 0
843 154 2102 1891 4 3
844 86 2124 1979 4 2
845 202 2128 1879 6 5
846 235 2128 1847 1 1
847 221 2128 1874 3 3
848 282 2128 1805 2 2
849 106 2128 1966 2 1
850 183 2128 1888 2 2
851 113 2123 1974 1 1
852 7 2128 2067 3 2
853 206 2128 1876 2 1
854 156 2128 1933 2 3
855 174 2128 1895 2 2
856 237 2128 1860 1 1
857 141 2128 1938 4 1
858 188 2146 1899 1 0
859 169 2150 1936 1 1
860 92 2150 2016 3 2
861 241 2154 1855 3 3
862 240 2154 1881 3 2
863 197 2154 1900 2 2
864 164 2154 1945 1 0
865 194 2154 1903 4 4
866 163 2154 1951 4 3
867 156 2154 1945 2 2
868 154 2154 1951 2 1
869 253 2154 1869 2 1
870 182 2154 1923 4 4
871 225 2154 1897 4 0
872 307 2154 1805 1 0
873 173 2153 1928 2 2
874 209 2154 1899 2 0
875 166 2172 1961 6 5
876 278 2167 1848 1 0
877 180 2180 1932 19 12
878 131 2180 1993 3 2
879 102 2180 2022 2 2
880 284 2198 1849 11 10
881 84 2198 2065 1 0
882 154 2193 1994 1 1
883 91 2193 2069 1 1
884 131 2206 2020 4 3
885 124 2206 2031 2 2
886 187 2206 1964 2 1
887 287 2206 1882 4 3
888 68 2206 2089 2 2
889 156 2206 1995 4 2
890 164 2206 2008 1 1
891 234 2206 1936 4 4
892 144 2232 2002 19 13
893 73 2232 2104 1 2
894 186 2232 1980 18 16
895 216 2258 1998 8 6
896 281 2258 1945 7 3
897 248 2258 1966 4 3
898 194 2258 2027 3 3
899 228 2258 1973 8 5
900 119 2258 2084 2 2
901 181 2284 2040 19 10
902 212 2284 2026 3 2
903 77 2280 2161 2 1
904 184 2284 2022 16 12
905 171 2284 2055 2 1
906 225 2284 2016 2 1
907 169 2284 2060 2 1
908 147 2310 2118 4 5
909 228 2310 2045 2 2
910 176 2310 2101 2 2
911 213 2310 2019 18 12
912 183 2310 2085 4 3
913 178 2310 2077 4 3
914 182 2310 2090 2 2
915 205 2336 2078 5 4
916 178 2336 2107 4 3
917 95 2336 2190 3 2
918 213 2336 2076 2 1
919 271 2336 2007 3 2
920 256 2336 2042 10 7
921 230 2332 2061 1 0
922 100 2336 2173 12 9
923 174 2334 2106 2 1
924 248 2336 2049 2 1
925 213 2362 2100 4 3
926 155 2362 2173 2 2
927 235 2362 2075 1 0
928 220 2362 2101 1 1
929 159 2362 2164 3 1
930 181 2362 2122 2 1
931 250 2362 2074 2 1
932 192 2362 2114 4 4
933 131 2362 2188 4 2
934 157 2362 2160 2 1
935 112 2362 2211 7 5
936 162 2388 2153 11 10
937 201 2388 2142 2 2
938 241 2388 2078 16 11
939 204 2388 2125 2 1
940 130 2388 2205 2 1
941 137 2388 2204 4 2
942 222 2388 2113 4 0
943 134 2388 2204 1 0
944 238 2414 2121 4 2
945 165 2414 2208 3 3
946 171 2414 2206 4 4
947 203 2414 2152 4 3
948 136 2414 2230 2 2
949 146 2414 2186 12 8
950 158 2414 2226 4 2
951 295 2413 2074 1 0
952 263 2414 2101 2 1
953 151 2414 2230 2 0
954 402 2414 1977 2 2
955 84 2437 2312 3 1
956 164 2440 2242 2 3
957 120 2440 2275 4 3
958 174 2440 2223 1 0
959 149 2440 2253 4 2
960 185 2440 2176 18 11
961 254 2439 2141 2 1
962 307 2440 2076 10 7
963 42 2466 2344 12 7
964 319 2461 2096 1 0
965 252 2466 2165 4 1
966 149 2466 2262 1 1
967 161 2466 2251 2 1
968 247 2466 2177 2 2
969 126 2466 2305 2 1
970 245 2466 2171 1 1
971 190 2466 2234 5 4
972 154 2465 2260 2 1
973 186 2492 2246 16 18
974 119 2492 2322 4 2
975 145 2491 2289 1 0
976 167 2492 2267 4 4
977 176 2492 2266 2 1
978 356 2492 2078 6 4
979 183 2492 2253 2 1
980 206 2492 2249 2 1
981 267 2492 2184 3 1
982 175 2492 2260 2 3
983 221 2518 2242 3 2
984 216 2518 2251 3 2
985 143 2513 2314 1 1
986 197 2518 2263 8 7
987 308 2518 2164 2 0
988 148 2514 2323 2 1
989 110 2516 2373 1 1
990 209 2518 2224 11 8
991 113 2518 2355 4 3
992 228 2518 2258 2 0
993 143 2518 2317 2 2
994 205 2513 2277 1 0
995 193 2541 2310 4 4
996 129 2544 2385 1 1
997 200 2539 2309 2 1
998 181 2544 2327 2 0
999 167 2544 2324 2 2
1000 328 2544 2177 1 0
