1000
1 173 216 0 1 0 0 0
2 167 210 1 0 0 0 1
3 144 188 1 1 1 0 0
4 164 210 0 0 1 1 1
5 45 87 1 1 0 0 2
6 163 203 0 2 1 1 1
7 146 177 0 0 1 0 1
8 213 258 1 1 0 0 2
9 169 201 0 0 1 0 1
10 143 174 0 0 0 2 1
11 137 190 0 0 2 2 2
12 237 289 1 2 1 4 3
13 177 227 2 0 0 1 3
14 199 246 2 1 1 0 2
15 135 172 2 2 1 1 4
16 211 248 1 1 0 2 4
17 148 193 0 2 0 0 1
18 138 186 0 1 0 1 1
19 160 205 4 0 0 0 3
20 119 158 1 0 1 0 1
21 64 102 1 1 0 2 1
22 213 254 0 2 0 0 1
23 38 68 1 0 1 0 1
24 246 284 0 0 1 1 1
25 259 300 2 0 1 1 3
26 85 136 0 2 2 0 1
27 178 221 0 1 1 0 1
28 123 158 0 0 2 0 0
29 124 157 2 1 0 1 2
30 198 234 0 2 0 1 2
31 212 253 0 1 1 0 2
32 163 216 0 1 1 0 2
33 315 358 1 0 0 0 1
34 218 277 1 0 0 3 4
35 204 238 1 0 1 0 0
36 170 217 0 3 1 0 4
37 167 222 2 0 2 0 2
38 25 57 1 0 0 1 1
39 213 261 0 0 1 0 0
40 224 311 7 2 6 4 11
41 229 262 0 2 0 0 1
42 208 262 2 0 1 1 2
43 172 216 0 0 1 0 0
44 131 161 1 1 0 0 0
45 100 136 1 1 0 0 1
46 256 298 1 0 0 1 2
47 269 314 0 0 0 1 2
48 295 325 0 1 1 0 2
49 122 170 0 2 0 2 2
50 50 84 0 2 0 0 2
51 169 202 0 1 0 0 0
52 228 283 2 1 2 3 4
53 85 132 1 0 1 0 2
54 279 317 0 0 2 0 0
55 206 251 1 1 1 1 2
56 171 203 0 1 1 0 2
57 192 263 6 9 1 3 14
58 179 215 0 1 1 0 2
59 80 113 0 0 0 2 3
60 180 224 1 1 0 0 2
61 78 128 1 2 0 0 3
62 39 98 2 1 0 0 3
63 167 226 0 1 0 0 1
64 131 217 4 3 4 6 12
65 148 198 1 1 0 0 2
66 204 244 0 0 3 1 4
67 227 274 0 2 1 1 3
68 345 380 0 1 1 2 3
69 228 268 0 0 0 1 0
70 144 190 3 1 0 0 4
71 173 229 0 1 1 0 2
72 108 145 0 0 0 2 3
73 201 257 0 1 1 0 1
74 201 244 0 0 0 2 0
75 259 335 4 4 2 8 12
76 284 324 0 1 0 1 1
77 231 274 0 0 0 1 0
78 24 66 1 0 1 0 1
79 208 245 0 1 0 3 1
80 120 168 1 0 0 0 0
81 121 174 0 0 1 0 0
82 239 284 0 1 1 0 2
83 138 176 0 1 0 1 0
84 213 247 1 0 1 0 2
85 198 240 1 0 0 2 1
86 97 140 2 0 0 0 2
87 220 255 1 0 0 0 0
88 208 248 0 1 1 0 1
89 138 168 1 1 0 0 2
90 139 190 0 0 1 1 0
91 212 262 0 1 1 0 0
92 154 193 1 0 0 1 1
93 187 232 0 1 2 1 1
94 58 105 1 1 0 0 1
95 126 168 1 0 0 0 0
96 179 238 1 1 2 0 4
97 137 181 0 0 0 2 0
98 200 283 8 3 7 1 11
99 215 272 1 2 1 0 2
100 117 172 1 0 0 3 3
101 163 203 0 4 0 0 2
102 175 225 0 0 1 1 1
103 144 203 2 1 0 1 2
104 218 251 1 0 1 2 3
105 203 236 0 1 0 0 0
106 208 247 2 0 0 0 1
107 112 183 6 5 3 3 6
108 285 331 0 0 1 1 1
109 267 300 0 1 1 0 3
110 183 226 0 1 0 1 3
111 214 277 3 4 4 3 11
112 89 130 0 1 1 1 2
113 152 211 0 1 1 1 3
114 174 208 0 1 0 1 1
115 187 261 6 5 3 4 12
116 237 286 1 2 3 1 5
117 205 263 1 0 1 2 3
118 258 288 0 1 1 0 2
119 121 159 0 0 2 2 2
120 244 280 0 0 0 1 1
121 162 207 0 0 0 2 2
122 185 222 0 0 0 1 0
123 232 286 0 0 0 1 1
124 265 303 1 0 1 1 2
125 236 304 1 4 6 4 8
126 30 78 0 1 0 0 0
127 114 160 0 0 0 1 0
128 266 306 0 0 2 0 1
129 190 220 0 1 1 0 1
130 194 242 0 0 0 2 2
131 202 246 1 0 0 0 0
132 205 253 0 1 2 0 2
133 153 183 0 0 0 2 1
134 137 180 0 1 2 1 3
135 143 187 0 0 1 1 1
136 70 112 0 2 0 0 1
137 142 184 0 0 1 3 4
138 171 211 2 2 1 0 5
139 355 408 0 1 2 0 2
140 175 244 7 4 3 2 11
141 241 282 0 0 1 1 1
142 184 236 0 0 1 0 0
143 175 230 1 0 0 0 1
144 159 217 0 1 0 1 1
145 171 218 0 0 1 0 1
146 87 140 1 0 1 0 2
147 109 158 0 1 1 0 2
148 210 294 2 3 3 3 5
149 151 205 0 0 0 1 0
150 177 233 0 1 2 0 3
151 183 242 1 1 1 0 3
152 35 65 0 0 0 1 0
153 188 229 1 1 1 1 3
154 240 294 0 1 1 1 2
155 166 221 1 0 1 0 2
156 121 152 1 0 0 2 2
157 182 216 0 0 0 2 2
158 141 189 0 0 0 1 1
159 256 307 1 0 0 0 0
160 239 295 0 1 0 1 1
161 111 146 0 2 1 1 3
162 190 240 3 2 2 3 7
163 189 240 1 0 0 0 1
164 171 212 0 1 0 1 2
165 139 175 1 1 0 0 1
166 266 312 1 1 0 0 3
167 184 256 2 9 3 4 12
168 176 232 0 3 1 0 3
169 97 142 0 1 0 2 1
170 105 139 1 0 0 1 3
171 286 349 4 4 9 2 14
172 167 217 0 0 1 3 2
173 141 176 1 1 1 1 1
174 110 144 1 0 0 1 1
175 123 161 1 0 0 0 1
176 157 188 2 1 1 0 4
177 146 184 0 0 0 1 1
178 199 235 1 0 0 0 1
179 178 227 0 1 2 0 1
180 243 316 5 4 2 0 8
181 143 188 0 2 0 0 2
182 137 195 0 1 2 0 4
183 164 198 1 0 2 0 2
184 245 291 1 0 1 0 2
185 99 161 3 6 5 1 9
186 344 386 0 0 1 1 1
187 215 255 0 0 1 1 1
188 151 210 1 1 0 0 2
189 121 173 1 0 1 0 2
190 79 122 0 2 0 0 2
191 115 147 3 1 3 3 6
192 266 317 1 1 0 0 1
193 230 280 3 1 0 0 3
194 221 278 0 0 2 0 0
195 128 183 0 1 0 1 1
196 229 266 1 1 0 2 3
197 147 205 0 0 0 1 0
198 138 176 1 3 1 3 4
199 185 221 0 1 1 0 1
200 220 278 0 0 1 1 0
201 195 227 1 0 0 3 3
202 78 136 1 0 1 0 1
203 182 260 3 6 7 2 12
204 201 248 0 1 2 1 2
205 62 98 0 1 0 0 1
206 195 244 0 1 2 0 2
207 185 231 1 1 0 0 1
208 112 166 1 0 2 1 3
209 96 144 0 0 0 1 0
210 223 265 0 2 1 1 1
211 219 257 1 0 0 1 1
212 48 106 2 0 0 0 1
213 168 203 1 0 0 0 1
214 179 225 1 0 0 0 0
215 292 337 0 0 2 0 2
216 202 246 0 0 0 2 1
217 159 224 3 6 5 5 14
218 206 261 0 1 1 0 2
219 222 267 0 0 1 1 2
220 181 230 1 0 0 0 0
221 190 245 1 0 0 1 2
222 248 282 0 1 0 3 2
223 222 278 0 0 0 3 3
224 188 245 0 2 1 0 3
225 209 297 6 1 2 4 8
226 160 214 1 0 1 2 2
227 188 234 0 2 1 1 4
228 153 201 0 3 2 0 4
229 78 126 0 1 0 0 1
230 176 213 0 1 2 0 3
231 244 288 0 2 0 2 1
232 171 207 2 0 1 0 0
233 137 172 2 0 0 0 1
234 309 361 0 3 1 0 4
235 365 400 0 0 0 2 1
236 159 208 0 2 1 1 3
237 119 154 0 3 0 0 4
238 233 287 0 0 0 1 1
239 167 205 0 0 1 2 2
240 142 176 1 0 0 0 1
241 235 294 1 0 0 1 2
242 152 208 0 0 0 1 1
243 247 289 0 3 1 0 1
244 224 255 0 0 0 1 0
245 182 236 0 0 0 1 1
246 157 206 1 0 0 0 1
247 172 229 0 1 1 1 3
248 139 201 5 5 3 6 18
249 143 181 0 0 0 1 0
250 187 237 1 0 1 2 4
251 119 175 2 1 0 1 3
252 255 298 1 1 1 0 3
253 212 254 1 0 0 1 1
254 192 226 1 1 1 1 1
255 142 189 0 1 0 0 1
256 193 223 1 1 0 0 0
257 111 170 1 0 1 0 2
258 236 267 0 0 1 2 0
259 191 249 0 1 0 0 1
260 197 242 0 0 2 0 2
261 195 254 1 1 1 1 5
262 153 204 1 0 1 0 2
263 236 294 0 1 0 1 1
264 81 116 0 0 2 0 1
265 111 145 0 2 2 0 6
266 54 136 1 7 3 2 9
267 166 199 0 0 3 0 2
268 146 198 1 0 1 0 0
269 223 275 0 0 0 1 0
270 197 238 0 0 2 0 2
271 175 212 0 2 1 1 4
272 155 220 4 0 5 2 10
273 126 178 1 0 1 2 3
274 224 264 1 0 2 1 3
275 163 193 0 1 0 0 1
276 151 194 0 0 1 0 1
277 109 149 1 0 2 1 4
278 131 168 3 1 1 3 6
279 252 295 0 0 2 0 2
280 93 129 1 0 1 2 3
281 162 207 0 0 0 2 1
282 247 332 3 2 8 5 11
283 241 292 1 0 1 1 2
284 185 232 0 0 0 2 1
285 264 295 0 1 1 0 2
286 193 243 0 0 2 1 1
287 152 187 1 0 1 0 0
288 244 289 0 0 2 0 0
289 166 205 2 0 0 0 2
290 119 156 3 0 1 0 3
291 177 214 3 1 0 0 2
292 243 290 0 0 0 2 1
293 179 228 2 0 0 1 3
294 145 195 1 0 1 0 2
295 163 223 4 5 1 8 11
296 173 218 1 1 1 1 4
297 302 353 0 2 0 1 1
298 309 367 1 3 1 2 4
299 179 236 0 1 0 0 0
300 87 124 1 0 1 0 2
301 195 250 0 2 0 2 5
302 163 196 0 1 1 0 1
303 119 172 1 0 0 0 1
304 222 268 1 0 0 0 1
305 294 338 1 0 2 1 1
306 119 173 1 1 0 0 1
307 256 315 1 1 0 0 2
308 160 214 0 0 0 2 2
309 164 211 0 0 1 1 2
310 240 294 3 3 1 2 5
311 229 265 1 0 0 0 0
312 181 224 3 0 1 0 0
313 233 270 1 1 1 0 2
314 214 254 1 0 1 0 2
315 178 232 1 2 1 0 2
316 202 262 3 2 6 5 12
317 81 114 0 0 2 1 1
318 195 283 1 4 5 6 16
319 98 179 4 3 7 5 11
320 245 299 1 0 1 2 1
321 235 270 1 1 1 3 7
322 123 208 3 3 3 6 9
323 126 156 1 0 2 1 2
324 177 263 4 2 4 1 8
325 189 225 0 0 1 1 2
326 266 306 1 1 0 1 3
327 203 260 0 0 0 2 3
328 149 196 0 0 1 1 3
329 196 241 0 1 0 0 1
330 207 242 0 1 0 1 2
331 171 226 1 1 0 2 5
332 191 268 5 5 2 3 6
333 85 125 0 0 2 0 1
334 164 207 0 0 1 1 1
335 278 330 0 1 1 0 2
336 227 283 0 2 1 0 1
337 213 261 1 1 0 1 1
338 166 200 0 0 1 1 2
339 250 297 1 0 4 5 7
340 34 108 2 6 6 3 13
341 137 182 1 2 1 0 5
342 348 405 0 1 0 0 0
343 275 306 0 2 1 0 3
344 90 122 1 0 0 1 2
345 151 191 0 0 1 0 1
346 200 240 2 1 0 1 4
347 212 271 0 0 0 1 0
348 156 197 1 0 0 1 1
349 188 229 0 1 1 1 1
350 118 166 0 0 0 1 1
351 234 285 0 0 1 0 1
352 182 241 0 0 1 1 0
353 261 291 0 0 0 2 1
354 226 258 0 0 1 0 0
355 161 244 1 4 1 7 7
356 302 343 1 0 1 0 1
357 206 245 0 1 0 1 2
358 203 256 0 1 1 1 2
359 110 154 0 0 1 1 2
360 242 292 0 2 1 0 1
361 194 237 0 0 1 0 1
362 134 176 0 0 2 0 2
363 190 220 2 0 2 0 3
364 262 315 2 0 2 0 4
365 250 295 0 0 1 0 0
366 222 289 2 7 3 6 13
367 90 148 2 0 1 1 2
368 329 376 0 0 0 1 0
369 230 285 1 2 0 0 3
370 250 303 0 1 0 0 2
371 153 212 0 0 2 0 1
372 119 149 1 1 1 1 4
373 180 223 0 0 1 1 1
374 93 149 3 0 0 1 3
375 305 391 3 5 6 5 14
376 232 275 1 0 0 1 1
377 205 254 1 0 0 0 0
378 237 293 2 3 1 3 7
379 128 158 1 3 0 0 3
380 89 126 0 2 1 0 3
381 108 154 2 1 1 0 2
382 218 275 1 0 1 1 3
383 268 334 6 2 8 1 13
384 103 146 0 0 1 2 3
385 226 262 1 0 0 0 1
386 172 225 0 0 1 0 0
387 168 242 6 3 0 6 8
388 132 174 1 0 1 0 2
389 226 274 1 0 1 1 3
390 196 228 1 0 0 0 1
391 120 157 0 2 0 0 2
392 241 288 1 0 1 0 0
393 229 271 0 1 0 1 2
394 205 242 1 1 0 0 1
395 123 176 0 0 1 0 0
396 192 243 0 1 0 0 0
397 136 211 5 3 4 5 14
398 142 197 1 2 1 0 3
399 171 203 0 2 0 0 1
400 229 288 1 1 1 0 3
401 204 246 1 1 0 0 0
402 202 238 0 1 1 0 1
403 200 248 0 0 0 1 0
404 231 267 0 0 2 0 3
405 209 250 1 1 1 1 2
406 301 347 0 1 2 1 1
407 102 135 0 2 0 1 3
408 143 189 0 1 0 0 1
409 111 157 1 0 0 1 0
410 196 228 2 0 2 0 3
411 67 121 1 0 0 0 1
412 180 250 2 2 4 3 7
413 140 187 1 0 0 0 1
414 87 162 4 6 3 6 12
415 335 374 0 0 1 3 2
416 87 136 0 0 0 2 1
417 109 152 1 0 0 1 1
418 254 311 2 0 2 0 5
419 255 309 0 0 1 1 1
420 179 233 0 2 1 4 5
421 310 391 3 4 2 4 8
422 139 197 0 0 1 0 0
423 51 100 0 0 1 0 0
424 251 299 0 0 2 1 2
425 149 199 1 0 0 0 1
426 233 267 4 0 3 0 4
427 187 244 1 0 2 1 3
428 166 250 1 4 4 4 12
429 160 204 0 0 1 0 1
430 208 255 1 0 1 0 2
431 302 346 1 0 0 0 1
432 35 87 1 1 1 0 2
433 196 246 0 0 2 2 3
434 254 311 4 2 1 3 7
435 290 334 1 0 1 0 1
436 160 224 6 4 2 2 4
437 169 224 1 2 0 1 4
438 160 236 3 3 3 4 10
439 126 165 0 1 1 0 3
440 156 202 1 1 1 0 3
441 109 165 3 2 2 1 4
442 85 120 2 0 0 0 1
443 177 212 1 0 0 0 0
444 203 237 0 1 0 0 0
445 281 316 2 0 0 2 4
446 119 170 1 0 0 0 1
447 90 144 4 1 3 2 5
448 250 308 1 0 1 0 0
449 153 197 0 0 1 0 1
450 97 134 0 1 0 1 2
451 210 254 0 0 1 0 1
452 145 177 2 0 1 1 2
453 163 245 1 3 4 4 8
454 208 259 1 3 0 1 4
455 211 274 7 2 3 5 14
456 163 215 0 0 1 0 1
457 150 196 0 2 1 1 2
458 129 160 0 0 0 1 1
459 179 223 2 0 1 1 1
460 155 196 0 1 1 1 1
461 219 262 0 1 1 0 0
462 280 338 2 2 1 3 7
463 223 264 1 0 0 1 2
464 168 217 1 0 0 1 0
465 222 278 0 1 1 0 2
466 187 233 0 0 2 1 1
467 215 247 0 1 0 1 1
468 281 323 0 1 1 0 1
469 90 133 0 2 0 0 2
470 65 115 1 0 1 1 2
471 218 248 1 2 0 1 2
472 73 121 1 0 0 0 1
473 205 255 0 0 2 0 2
474 208 259 2 0 0 0 2
475 136 177 2 0 2 1 5
476 213 255 0 2 0 2 2
477 215 264 2 1 0 1 3
478 251 301 1 1 1 1 2
479 237 291 0 0 0 2 2
480 248 298 0 0 0 1 1
481 110 159 0 0 0 1 0
482 228 275 0 0 0 1 1
483 124 178 0 1 0 1 0
484 129 184 0 1 0 1 2
485 312 390 6 6 2 3 12
486 110 146 4 1 3 2 5
487 147 184 1 0 0 0 1
488 198 235 0 1 0 1 1
489 299 336 1 0 1 2 1
490 213 244 0 1 3 0 4
491 217 264 2 1 0 0 2
492 305 351 1 1 0 0 2
493 237 270 0 0 1 0 1
494 200 234 1 1 1 1 3
495 253 289 3 1 0 0 1
496 268 350 2 1 8 2 9
497 153 197 0 0 1 1 1
498 115 155 1 3 4 2 10
499 215 261 1 1 0 2 3
500 172 227 0 1 0 0 1
501 297 352 1 0 0 0 2
502 246 302 1 0 1 1 3
503 321 373 0 1 1 0 0
504 170 220 2 2 2 2 5
505 287 329 2 0 0 0 2
506 117 169 2 0 0 1 4
507 173 204 1 2 0 0 2
508 140 186 1 0 0 1 2
509 288 325 1 3 3 1 5
510 29 86 0 1 1 0 2
511 97 141 1 0 0 0 0
512 105 146 0 0 1 0 0
513 203 252 0 0 1 2 1
514 108 159 0 0 0 2 1
515 124 179 0 1 0 0 0
516 75 108 0 1 0 1 2
517 132 163 0 1 1 2 2
518 133 187 1 0 0 1 1
519 159 190 0 2 0 0 1
520 211 298 5 5 8 1 13
521 184 228 2 1 0 0 2
522 220 269 0 2 1 0 3
523 224 266 1 0 0 1 2
524 210 242 0 0 0 1 0
525 161 201 0 2 0 0 1
526 215 249 0 0 1 1 2
527 133 183 2 0 2 0 4
528 212 260 1 0 1 0 2
529 288 336 0 1 3 3 6
530 18 72 1 3 1 1 5
531 168 211 1 1 1 1 4
532 180 213 1 0 0 1 2
533 179 209 1 0 1 0 2
534 207 244 1 0 0 1 1
535 138 173 2 0 1 1 4
536 214 256 2 1 0 1 4
537 180 218 0 0 0 1 1
538 119 166 1 0 1 1 3
539 284 329 0 1 0 1 1
540 189 246 0 1 1 0 2
541 261 311 0 1 0 1 2
542 209 272 4 1 6 4 9
543 250 280 0 0 0 1 0
544 117 160 0 1 1 2 4
545 191 276 2 4 6 6 11
546 195 237 0 0 1 2 4
547 6 37 1 1 0 0 1
548 115 171 1 0 0 0 1
549 221 277 0 0 0 2 0
550 137 186 0 2 0 0 2
551 227 260 0 0 1 0 1
552 210 267 0 1 0 0 2
553 71 110 1 0 0 1 1
554 173 216 2 2 1 2 5
555 196 248 0 0 0 1 1
556 236 287 1 0 1 0 0
557 244 292 1 0 1 0 2
558 197 231 0 0 0 1 0
559 182 227 1 1 0 0 0
560 243 297 0 1 1 0 3
561 201 255 0 0 2 0 2
562 203 260 0 0 0 2 1
563 223 281 0 0 1 2 1
564 81 127 0 0 1 0 0
565 209 260 1 1 0 0 2
566 243 283 0 1 2 1 3
567 199 242 0 1 0 3 1
568 164 252 2 2 6 3 9
569 79 128 0 1 0 3 3
570 131 177 0 1 0 1 1
571 59 106 0 0 0 1 1
572 142 212 5 4 7 3 10
573 166 202 1 1 0 0 0
574 59 132 1 4 4 2 10
575 183 226 0 0 1 1 2
576 213 257 0 1 1 2 3
577 21 62 0 1 0 1 1
578 137 199 3 3 7 3 11
579 287 332 0 2 0 0 1
580 230 284 0 0 1 0 1
581 166 226 2 4 6 3 14
582 112 170 0 1 0 1 2
583 196 234 0 0 0 1 0
584 168 198 0 0 0 2 2
585 262 306 0 0 1 1 2
586 116 171 0 0 0 1 0
587 294 363 6 2 4 7 10
588 132 180 0 2 6 2 7
589 265 304 1 0 0 0 1
590 231 310 4 2 3 5 9
591 201 286 5 5 3 4 10
592 48 80 0 2 0 2 4
593 125 159 2 0 4 2 7
594 173 212 0 0 0 1 0
595 199 256 1 0 3 0 4
596 161 203 0 1 0 1 0
597 199 246 0 0 0 1 1
598 188 230 1 0 0 0 1
599 238 292 2 4 0 2 8
600 182 229 1 2 0 1 3
601 179 210 1 0 2 1 4
602 105 162 0 1 0 1 1
603 127 180 0 1 1 2 2
604 215 269 1 0 1 2 1
605 169 201 1 0 0 1 1
606 172 220 1 1 2 0 3
607 215 277 6 7 3 2 10
608 138 193 1 1 0 0 2
609 -11 38 0 0 0 2 1
610 232 290 0 1 1 0 0
611 144 198 1 4 2 2 7
612 182 241 0 2 1 1 4
613 155 226 2 8 1 1 14
614 150 183 0 0 1 3 3
615 212 250 1 0 2 1 4
616 207 241 0 1 0 0 1
617 182 259 3 3 3 5 9
618 127 180 0 0 0 1 1
619 201 244 0 2 1 0 1
620 173 206 0 2 0 0 2
621 125 160 1 0 0 1 2
622 166 211 1 2 1 4 6
623 277 309 1 1 0 0 0
624 286 337 1 0 0 3 1
625 60 113 1 1 0 0 0
626 24 56 0 0 0 1 1
627 201 250 1 1 0 1 2
628 231 288 1 0 0 1 2
629 197 247 2 1 1 0 2
630 100 159 0 1 1 0 2
631 152 187 1 0 1 2 3
632 111 150 0 1 2 1 3
633 271 308 0 0 0 1 1
634 123 191 5 3 4 3 10
635 198 236 1 0 1 0 1
636 71 107 5 3 1 1 7
637 241 300 1 1 1 0 2
638 202 233 0 1 1 0 1
639 116 152 0 0 0 1 1
640 204 247 0 1 0 1 2
641 136 223 1 4 4 3 8
642 189 232 0 0 1 1 2
643 252 284 0 0 1 0 1
644 166 206 0 2 0 2 2
645 147 197 1 1 0 0 2
646 289 324 0 1 0 0 0
647 120 157 0 1 2 0 2
648 232 281 0 1 1 0 2
649 253 340 6 3 7 4 10
650 157 208 2 0 0 0 2
651 254 296 0 0 0 1 0
652 222 256 0 0 3 1 2
653 165 221 0 0 1 0 2
654 193 238 0 1 0 0 1
655 235 272 2 2 1 2 4
656 74 122 1 0 1 0 2
657 156 214 2 0 0 2 1
658 224 278 1 1 0 2 2
659 137 168 0 0 1 0 1
660 180 224 0 0 0 2 2
661 242 292 0 0 2 0 1
662 268 314 0 1 0 1 0
663 209 261 1 0 0 0 0
664 129 180 2 1 1 0 1
665 66 108 0 0 0 1 1
666 188 246 2 0 0 0 1
667 172 202 0 1 1 2 2
668 194 227 2 0 0 0 2
669 143 190 0 1 1 0 0
670 124 154 2 1 1 0 4
671 174 231 0 0 1 0 1
672 147 181 0 3 0 1 3
673 172 205 0 1 1 2 2
674 162 212 1 0 0 1 1
675 192 238 0 0 1 0 0
676 198 231 1 0 0 0 1
677 136 167 0 1 1 0 0
678 191 222 0 0 0 2 2
679 240 289 0 0 2 0 2
680 89 132 0 0 1 1 3
681 162 214 0 0 0 1 1
682 150 193 0 2 1 1 2
683 188 242 2 3 2 1 8
684 164 198 0 0 2 0 2
685 218 257 1 0 0 0 1
686 213 243 0 2 2 1 1
687 132 163 2 0 0 0 2
688 207 258 0 0 1 1 0
689 130 188 1 0 0 0 0
690 241 275 1 0 1 0 2
691 194 226 1 1 1 0 3
692 107 149 1 0 1 0 2
693 265 297 0 0 0 1 1
694 80 120 1 0 1 0 2
695 210 255 0 0 1 0 1
696 136 173 1 1 2 0 1
697 144 192 2 1 1 0 1
698 89 142 0 0 0 2 3
699 152 185 0 0 2 0 1
700 227 292 4 8 3 3 16
701 201 249 0 0 1 0 1
702 233 288 0 2 1 1 3
703 211 257 0 0 0 1 0
704 113 146 0 2 1 1 2
705 226 295 2 8 2 6 12
706 209 240 0 0 0 1 1
707 217 247 0 2 0 0 1
708 268 327 0 1 1 0 2
709 144 174 2 1 1 0 4
710 126 161 4 1 3 1 6
711 164 222 2 1 1 1 4
712 148 189 0 1 1 0 2
713 210 295 3 3 2 3 6
714 69 117 0 0 1 0 1
715 220 266 0 1 0 1 3
716 196 232 0 0 1 1 2
717 170 226 1 0 0 0 1
718 90 135 0 1 1 0 1
719 197 251 1 2 0 1 3
720 165 204 1 0 1 0 1
721 214 273 0 0 2 2 3
722 97 141 0 0 1 0 1
723 173 229 0 2 0 0 2
724 196 254 0 2 0 0 2
725 146 200 0 0 0 1 1
726 252 294 0 0 0 1 1
727 114 154 0 0 0 1 2
728 119 164 2 1 1 0 4
729 200 257 0 0 0 1 1
730 143 195 1 1 2 2 5
731 197 256 1 1 0 0 1
732 95 149 0 1 0 0 0
733 182 220 2 0 1 1 2
734 297 376 4 5 3 6 15
735 258 335 4 6 6 3 15
736 107 150 1 0 1 0 1
737 187 219 0 2 2 0 3
738 193 262 5 0 10 3 14
739 154 231 6 5 5 2 12
740 277 326 2 1 0 0 2
741 149 201 3 0 1 0 5
742 176 217 0 1 1 0 2
743 248 289 0 0 1 1 2
744 132 187 1 3 0 0 4
745 181 230 1 1 1 1 3
746 204 245 0 0 1 1 2
747 20 60 2 0 1 1 3
748 157 211 2 0 2 0 2
749 173 230 0 1 2 1 4
750 46 104 0 1 1 2 4
751 144 191 1 2 0 5 8
752 152 211 0 2 0 0 2
753 226 285 0 1 2 1 3
754 127 176 1 0 0 0 0
755 265 298 0 3 0 1 4
756 130 181 0 0 0 1 0
757 172 205 1 1 1 1 4
758 224 297 8 3 6 3 14
759 196 240 0 0 1 0 1
760 176 206 0 1 2 3 5
761 197 272 2 4 6 1 10
762 191 247 0 1 0 0 1
763 214 268 0 0 0 1 0
764 110 147 1 0 0 1 1
765 179 235 1 0 0 0 1
766 161 197 1 0 1 2 3
767 181 254 4 4 2 1 8
768 143 183 1 1 1 1 4
769 259 311 0 0 1 0 1
770 223 264 0 1 0 1 2
771 123 180 0 0 0 1 1
772 131 169 0 0 0 1 1
773 303 348 0 1 0 0 1
774 246 277 0 2 0 0 1
775 93 135 3 0 0 0 2
776 211 266 0 0 0 1 0
777 202 240 0 0 1 1 2
778 188 236 1 0 0 0 0
779 188 227 1 1 1 1 2
780 171 217 1 0 1 0 2
781 131 168 1 1 1 1 2
782 107 157 2 0 0 1 2
783 165 205 0 0 2 0 2
784 155 197 0 0 0 2 2
785 156 207 2 0 0 0 2
786 115 169 1 0 0 1 2
787 184 214 0 0 0 1 0
788 151 208 1 0 1 0 2
789 218 269 2 0 0 0 2
790 245 296 0 1 0 0 1
791 232 282 0 0 1 1 3
792 84 136 1 1 0 0 1
793 153 192 0 0 0 2 0
794 157 207 3 0 2 3 4
795 123 164 1 3 4 2 4
796 210 261 0 1 0 0 0
797 227 266 2 0 0 0 1
798 207 239 2 1 0 1 1
799 123 185 4 8 2 3 16
800 145 190 0 1 0 1 3
801 196 230 0 0 1 0 1
802 162 197 2 0 0 0 0
803 179 218 1 1 0 0 2
804 197 235 1 0 1 0 0
805 275 345 4 6 3 2 12
806 -11 56 2 2 6 9 16
807 191 225 1 2 0 1 5
808 102 142 2 4 1 1 4
809 117 174 0 0 1 3 2
810 227 273 1 1 1 0 4
811 203 258 0 0 2 7 4
812 314 365 0 0 1 0 1
813 173 208 1 0 1 0 1
814 119 172 1 0 0 0 1
815 223 273 0 0 1 0 0
816 108 142 0 1 2 1 1
817 210 240 1 0 0 1 2
818 114 157 2 0 2 1 3
819 146 182 0 1 0 1 1
820 70 126 1 1 2 0 1
821 83 123 2 1 0 0 2
822 222 265 1 0 1 0 1
823 190 223 0 0 2 0 1
824 64 121 0 1 0 1 1
825 136 177 2 0 0 0 1
826 134 192 2 3 2 1 8
827 216 270 0 0 2 2 3
828 86 123 0 3 1 0 3
829 135 185 2 0 3 2 4
830 133 166 0 0 1 0 1
831 118 167 0 1 0 1 0
832 189 248 0 2 0 0 0
833 211 246 1 0 2 1 3
834 182 254 3 5 3 6 11
835 182 236 0 0 1 0 0
836 159 190 1 0 1 1 1
837 47 83 2 0 1 0 2
838 232 283 1 2 1 0 4
839 259 289 2 0 0 0 2
840 135 183 1 0 0 1 0
841 116 160 1 0 1 2 2
842 194 238 0 1 0 0 0
843 154 211 0 2 1 1 3
844 86 145 0 1 2 1 2
845 202 249 1 1 1 3 5
846 235 281 0 0 1 0 1
847 221 254 1 1 0 1 3
848 282 323 0 0 1 1 2
849 106 162 0 0 0 2 1
850 183 240 0 0 1 1 2
851 113 149 0 1 0 0 1
852 7 61 2 0 0 1 2
853 206 252 0 0 0 2 1
854 156 195 0 1 1 0 3
855 174 233 0 0 0 2 2
856 237 268 0 0 1 0 1
857 141 190 1 1 0 2 1
858 188 247 0 0 0 1 0
859 169 214 0 0 1 0 1
860 92 134 1 0 1 1 2
861 241 299 0 2 1 0 3
862 240 273 0 0 2 1 2
863 197 254 0 1 1 0 2
864 164 209 0 0 1 0 0
865 194 251 3 0 0 1 4
866 163 203 2 1 1 0 3
867 156 209 1 0 0 1 2
868 154 203 0 1 1 0 1
869 253 285 0 0 2 0 1
870 182 231 1 2 0 1 4
871 225 257 1 1 2 0 0
872 307 349 0 0 1 0 0
873 173 225 1 1 0 0 2
874 209 255 0 0 1 1 0
875 166 211 2 3 0 1 5
876 278 319 1 0 0 0 0
877 180 248 4 4 3 8 12
878 131 187 1 1 1 0 2
879 102 158 0 0 0 2 2
880 284 349 2 0 4 5 10
881 84 133 0 0 0 1 0
882 154 199 0 1 0 0 1
883 91 124 0 1 0 0 1
884 131 186 1 2 1 0 3
885 124 175 0 1 0 1 2
886 187 242 1 0 0 1 1
887 287 324 1 1 2 0 3
888 68 117 0 0 0 2 2
889 156 211 0 1 0 3 2
890 164 198 0 0 0 1 1
891 234 270 0 2 1 1 4
892 144 230 2 7 4 6 13
893 73 128 0 0 1 0 2
894 186 252 4 3 4 7 16
895 216 260 1 2 4 1 6
896 281 313 2 0 3 2 3
897 248 292 1 2 0 1 3
898 194 231 0 1 0 2 3
899 228 285 1 3 3 1 5
900 119 174 0 0 1 1 2
901 181 244 6 3 4 6 10
902 212 258 1 0 2 0 2
903 77 119 1 1 0 0 1
904 184 262 4 4 4 4 12
905 171 229 2 0 0 0 1
906 225 268 1 0 0 1 1
907 169 224 0 1 1 0 1
908 147 192 2 1 0 1 5
909 228 265 0 1 1 0 2
910 176 209 0 1 0 1 2
911 213 291 1 4 6 7 12
912 183 225 3 0 1 0 3
913 178 233 0 1 0 3 3
914 182 220 0 0 0 2 2
915 205 258 0 2 2 1 4
916 178 229 2 1 1 0 3
917 95 146 1 0 1 1 2
918 213 260 0 0 1 1 1
919 271 329 1 0 0 2 2
920 256 294 3 4 2 1 7
921 230 271 1 0 0 0 0
922 100 163 4 2 2 4 9
923 174 228 1 1 0 0 1
924 248 287 0 1 0 1 1
925 213 262 0 1 3 0 3
926 155 189 0 1 1 0 2
927 235 287 0 0 1 0 0
928 220 261 0 0 1 0 1
929 159 198 1 1 0 1 1
930 181 240 0 0 2 0 1
931 250 288 1 0 1 0 1
932 192 248 1 0 3 0 4
933 131 174 0 1 0 3 2
934 157 202 0 0 1 1 1
935 112 151 0 2 1 4 5
936 162 235 3 1 4 3 10
937 201 246 1 0 1 0 2
938 241 310 6 0 4 6 11
939 204 263 1 0 1 0 1
940 130 183 0 0 2 0 1
941 137 184 4 0 0 0 2
942 222 275 2 1 0 1 0
943 134 184 0 0 1 0 0
944 238 293 1 0 1 2 2
945 165 206 1 0 0 2 3
946 171 208 1 1 1 1 4
947 203 262 1 1 2 0 3
948 136 184 0 1 0 1 2
949 146 228 2 4 5 1 8
950 158 188 0 1 2 1 2
951 295 339 1 0 0 0 0
952 263 313 0 0 2 0 1
953 151 184 1 0 1 0 0
954 402 437 0 1 0 1 2
955 84 125 1 1 1 0 1
956 164 198 1 1 0 0 3
957 120 165 0 2 2 0 3
958 174 217 0 0 0 1 0
959 149 187 2 1 0 1 2
960 185 264 4 5 6 3 11
961 254 298 1 1 0 0 1
962 307 364 4 1 1 4 7
963 42 122 2 3 3 4 7
964 319 365 0 1 0 0 0
965 252 301 1 0 2 1 1
966 149 204 0 0 0 1 1
967 161 215 1 0 1 0 1
968 247 289 0 0 2 0 2
969 126 161 1 0 0 1 1
970 245 295 0 0 1 0 1
971 190 232 2 1 1 1 4
972 154 205 2 0 0 0 1
973 186 246 4 4 2 6 18
974 119 170 2 1 1 0 2
975 145 202 1 0 0 0 0
976 167 225 1 1 1 1 4
977 176 226 0 0 1 1 1
978 356 414 1 2 2 1 4
979 183 239 0 1 1 0 1
980 206 243 0 0 1 1 1
981 267 308 2 0 1 0 1
982 175 232 0 0 2 0 3
983 221 276 0 1 0 2 2
984 216 267 1 0 0 2 2
985 143 199 1 0 0 0 1
986 197 255 3 0 4 1 7
987 308 354 0 0 1 1 0
988 148 191 2 0 0 0 1
989 110 143 1 0 0 0 1
990 209 294 2 3 4 2 8
991 113 163 1 1 0 2 3
992 228 260 0 1 0 1 0
993 143 201 1 0 0 1 2
994 205 236 1 0 0 0 0
995 193 231 0 1 1 2 4
996 129 159 0 0 1 0 1
997 200 230 0 2 0 0 1
998 181 217 1 0 1 0 0
999 167 220 1 0 0 1 2
1000 328 367 0 0 1 0 0
